3897
1047
1373
2873
2248
3626
113
1040
1964
2969
3705
3909
458
559
2661
1534
1751
14
253
1668
2283
424
3317
2937
3482
3417
3249
3308
3755
347
1139
5
1394
2865
3230
3643
2843
3343
1035
807
2312
741
716
2770
1300
3378
656
3403
3744
910
1071
2027
1334
388
964
816
158
214
124
3913
913
1616
270
2308
833
3500
2303
3676
2843
3338
483
1155
431
1551
277
1732
1281
934
1487
1026
2196
2559
3405
3530
3299
370
699
3809
936
1175
75
1849
3143
345
509
3976
3846
2812
3652
2689
2503
487
197
2934
2039
826
1018
3672
2112
2506
698
308
1417
456
191
716
826
1242
526
2114
2417
601
315
1913
946
1177
1889
1144
341
1894
3834
2844
2381
383
2131
772
1209
3501
797
3322
2007
1847
3630
3776
2303
173
493
3481
1415
1371
1595
185
1972
2263
2098
3270
3440
339
415
3781
2233
601
2978
967
984
1109
2091
2193
610
2888
1515
2970
736
1498
2746
3391
1671
3591
2873
3439
962
820
3624
3286
3083
1722
2909
2875
2413
3324
3009
647
277
1987
1966
1261
3448
57
3454
410
3298
1322
3732
34
3172
2831
3425
1195
2422
2650
634
3737
3471
258
3375
2906
2332
2284
1782
746
1960
791
1745
2237
3130
3711
3498
2578
120
3305
3340
3418
979
3073
3804
503
1904
3582
1698
678
2232
2333
767
2055
2943
143
962
1628
2779
3096
2374
740
3887
471
2977
3369
182
2828
2299
302
2485
1639
73
3464
1064
3877
3967
3320
3459
2017
351
2044
702
1118
99
3646
1613
1061
1626
393
157
0
1133
396
823
462
3765
1005
3290
2416
1659
1775
408
1732
1591
1472
1962
1910
1145
1421
3928
1496
3465
630
2966
3917
628
580
978
2254
973
1136
2606
2106
1884
3429
2920
2002
786
2211
418
2446
338
826
530
2282
2651
2844
192
3796
266
472
1644
83
1103
610
0
1731
1190
1331
3986
2515
2819
2944
973
703
2374
3894
3057
3160
2457
3476
1958
3147
654
2841
1429
3657
1685
1974
3805
2303
2446
1449
2739
3901
2060
3091
1985
3602
422
2323
2118
3241
1267
3443
297
3641
3337
3354
2802
1794
3182
1112
1294
189
3953
2723
3846
1639
1049
3652
3942
3848
1453
2681
3749
3865
1773
1734
3468
2547
57
1938
2141
1325
1381
2438
1318
1071
2144
472
2865
1679
1585
159
1868
1538
3235
2066
3529
636
1718
3472
484
3172
2505
234
3389
630
2320
2857
3178
2730
1147
1319
407
2881
109
1725
3952
2605
2198
3169
284
135
3681
2504
1673
2916
571
1203
3904
2641
1027
389
2165
3532
975
1555
163
3295
764
3693
2377
2264
1364
2784
1145
1473
510
1449
78
3060
618
715
3195
299
3571
1220
3567
142
2775
3472
3136
3802
213
1301
3687
1188
3208
202
835
325
3895
3213
2589
1259
1997
3734
3084
2859
1535
3514
2271
2153
581
1818
2805
153
3039
2724
647
1814
2548
3783
1617
2761
1437
1304
301
645
1506
1137
970
1753
350
3911
3364
2699
3997
2448
1559
1532
1962
182
38
2544
2001
2843
2697
1040
1919
3344
3206
468
3480
1175
3581
917
2479
3883
1914
337
1020
3237
2442
1722
3148
1806
421
3146
254
2332
1030
2569
2515
1068
1465
516
263
514
1908
2183
3858
1114
3003
3690
2290
2936
959
1121
2819
2874
1811
191
2463
253
1913
1611
2412
2687
1109
3018
1019
2492
1587
3534
3560
3052
50
176
3566
2310
2359
3777
3425
1714
3819
1715
650
779
3188
3470
3653
999
13
2116
1605
2279
79
17
966
1541
3035
1985
385
975
1520
3945
27
1922
473
3946
233
2832
75
3658
898
3894
1725
1549
673
1265
1371
678
2265
1384
2794
222
3663
3226
239
629
1119
3626
2967
1504
601
839
1801
981
2761
2275
1279
3346
1459
1354
3356
2358
1248
1433
259
1922
2699
1630
2600
964
3366
1747
1538
3382
1325
2129
363
2796
1755
3330
652
2709
169
2453
42
3283
1080
1321
2629
2892
2675
1986
1602
3923
3419
1861
2197
2118
3843
1150
3434
3209
3249
972
2943
574
3453
3307
3370
1209
2637
22
270
3159
2827
312
2442
260
1633
1423
3504
660
3409
1106
935
3181
3319
3133
1299
3162
635
1086
2723
3884
2410
1667
458
1864
1326
180
3425
315
554
3695
3474
3733
359
2268
3993
2344
3692
3849
3004
3453
955
3939
2634
274
3424
286
3788
59
1372
2512
3943
134
531
401
1998
1857
933
1775
2172
1487
1822
1999
1573
2181
267
1918
525
311
1768
3529
3765
2723
3821
2399
3350
3245
2685
3138
3305
409
2002
3248
544
2533
2
2894
390
935
670
2915
2775
2492
914
700
1026
1533
2618
1551
1845
386
1433
1610
3462
1254
361
2812
499
3047
2302
156
3808
305
3405
704
3190
3759
3599
3581
1046
621
2848
173
3465
114
873
491
1647
3492
2395
3492
230
3828
1102
3692
1082
1816
2856
1933
863
1511
2090
1023
1816
1847
1728
1006
1958
1679
939
3004
2300
139
3178
2117
253
51
2609
1901
3895
1356
1745
126
1184
3200
170
2618
1016
3027
903
1879
538
3345
3254
2706
1544
982
64
3502
2661
1356
2507
1313
1495
2037
3431
2101
2088
2392
2
1984
3748
1747
2110
1284
947
2280
254
1963
1659
1157
194
2549
855
3449
1607
2399
783
1672
1902
3797
3380
761
1110
1227
2798
893
3328
1238
3637
3330
3574
3737
1430
2036
1021
2729
669
1627
693
2328
3137
1239
1230
3992
1040
2837
2391
1824
861
645
1621
241
1406
3083
1469
556
3977
1149
1795
3966
832
1369
3704
2262
3406
1077
991
75
2705
2036
2755
1842
3628
3985
1834
668
3175
577
2844
36
1223
817
630
2629
253
2451
3186
230
3600
1333
196
432
3054
252
3046
2460
1330
390
2887
35
2778
1643
2229
2406
1980
63
3427
1155
992
2623
1544
2215
3441
2526
845
3694
1329
383
276
1281
2068
824
2066
1122
1077
1112
3583
2759
1502
2822
2794
281
817
1375
3039
2798
1790
2466
305
2782
1090
2201
998
883
727
2195
929
2056
2930
1205
3338
998
2381
1404
2472
3458
2868
2055
2217
723
1230
1363
1004
2047
2738
395
845
880
2862
1503
3663
304
3704
1013
1187
784
3208
2116
2840
2490
3673
2530
3488
2054
286
1960
1865
3507
368
434
230
1950
1798
1586
3997
888
1981
1195
1769
1195
2698
1784
1499
2754
2797
3038
3538
2357
1506
2731
847
1531
1261
687
3586
1900
2647
1803
1407
3367
2237
1637
1317
387
3223
1315
1276
1556
2862
3397
2752
1560
1533
603
314
330
3994
205
2687
1500
2936
3886
3032
549
573
2970
2449
3220
773
208
2940
3362
1845
609
3750
1420
2276
1378
3329
1138
775
2081
3050
2660
3036
3717
2990
3030
3922
2029
531
2858
1915
3915
3407
2840
3237
2209
2412
10
2417
1352
3372
263
1962
3474
2035
590
852
1364
1729
1979
3797
779
639
2834
848
3981
1864
770
2362
2747
3980
629
2662
3388
3469
1899
1597
1882
2261
366
3234
1986
981
1548
1460
3017
2139
2665
733
220
644
531
1351
1284
3717
2200
1617
1581
3322
3980
329
3303
609
3343
2691
79
1595
640
1961
3856
1006
1547
2194
1988
3448
7
1357
1939
2672
2090
2159
3316
2973
3862
952
2690
2062
2570
624
1385
2550
953
1040
3159
648
83
3590
2243
723
1903
2100
2081
3451
646
69
3251
653
1778
1190
3325
221
3701
2994
3194
3563
3946
2237
1978
2868
2861
3715
1418
166
755
930
814
838
520
3058
1913
2776
1510
3994
2227
2156
416
1478
3162
2194
3020
2487
2415
2721
1833
1962
2284
1780
199
614
648
3412
329
2419
3578
1436
3349
744
2274
221
154
539
2997
1664
534
1576
173
1302
3406
3335
3848
2426
2174
2264
1147
8
578
3784
2140
1129
750
2788
541
1432
1559
471
2868
908
1567
1495
1482
1722
2034
831
3738
2920
2760
263
222
2166
3598
71
593
2125
2687
2092
2485
3617
2228
625
746
3331
3765
1639
763
1325
2110
3631
2585
29
1478
419
1751
3513
1251
1842
2785
363
2105
3008
2529
2056
3431
3474
181
2118
1919
3018
1735
499
3643
2833
3830
3760
472
593
1085
2934
225
23
2963
2055
442
1067
1568
2045
2909
354
2408
1366
3714
1290
3422
3145
1116
3955
1615
3035
2973
3702
3535
2968
2535
3365
2729
3359
3959
166
2293
536
541
1608
2591
984
2675
512
3381
1936
1218
2142
3303
1284
3784
2725
429
900
3033
2396
3936
2006
2450
3823
1327
985
3188
56
344
3499
574
2989
387
1116
597
3331
2452
3625
3843
2185
1561
1413
679
1216
2697
463
3942
3478
1364
2975
1874
1652
1333
324
1475
2660
1661
663
3068
2357
515
3995
1346
902
1111
2295
233
3915
1920
428
2100
3834
1841
2780
1050
538
3595
1344
368
1311
319
2242
2963
2005
2918
438
665
931
1454
86
3288
2321
81
986
3223
1544
3282
3809
1459
1554
237
3911
1388
2431
3043
2439
3321
2639
3783
3690
3950
455
2284
2914
2812
1555
3704
3829
2486
1510
3915
2127
3831
348
3113
3407
1892
2747
3216
3351
302
3805
3615
2042
2588
2658
833
1910
1297
969
1952
1248
1424
236
514
588
2143
218
417
630
2081
333
2757
1912
681
2222
1319
2926
970
887
2629
1624
1045
2244
3666
3633
903
500
1895
2200
1469
199
3800
3245
788
314
3833
2931
885
250
3561
2966
935
2670
1230
1969
893
2902
895
1863
141
3524
3487
1186
1769
3505
1172
3024
5
3419
1224
1826
3619
1377
1071
407
2043
1256
3338
2928
1859
3252
2246
2794
1922
3829
763
2815
2731
2010
1030
2872
1887
869
411
8
375
1583
3032
732
1354
608
2911
973
1985
334
1732
29
1591
1071
3309
3450
675
1556
2596
2597
1737
3360
1413
820
1722
2795
3692
3609
3665
455
3617
392
2390
2649
1476
3745
3258
387
1070
1595
722
2803
1624
2313
226
934
2115
901
2842
711
3498
579
423
1263
1399
2146
411
1443
2107
76
2251
2077
820
641
726
2296
738
336
2684
1809
1932
3758
964
3908
2071
1190
842
538
2443
36
1601
2293
615
2025
3557
2366
523
320
162
2982
396
2413
1059
1568
3406
2138
3864
145
2826
2900
2306
1110
2658
3270
1019
1081
812
2213
1619
3607
2250
3221
1900
3217
1598
1809
1936
2473
2129
2098
1455
2877
863
2515
445
269
1005
662
766
3831
3562
3424
942
2573
3046
1961
3654
210
174
1626
3817
2776
1199
1718
1994
3149
3879
3930
1622
2009
2380
3429
1238
3243
2296
1684
3864
3301
2698
983
3133
2612
407
75
1185
3806
2388
1192
16
2914
3170
3834
1691
721
1904
3685
3870
1783
3967
1844
144
2347
1273
1383
1942
3570
3419
1806
2871
2117
3141
2356
1081
3549
2431
2619
3355
819
163
3723
86
3333
3557
1777
54
1813
1814
276
3597
1781
2120
93
480
3393
1476
2422
3315
895
580
2187
3364
74
895
798
3623
3327
3417
3330
498
3580
3053
584
3265
2963
2713
3319
776
527
3595
725
2660
1715
819
3492
1460
2647
2266
776
3895
2847
3315
3259
2921
210
409
2896
3889
3826
2578
740
3758
1983
1324
3023
1298
38
2694
2427
917
2289
3504
3578
356
323
3070
2169
3323
1337
3297
3218
536
2612
2829
3809
3174
3239
3057
3416
3417
1987
156
3176
3970
1832
2199
1269
2222
894
48
3140
3535
3552
3070
244
228
2492
2413
3551
181
2062
2769
717
1026
1598
878
200
837
287
3968
255
2274
124
3783
2245
1957
1982
3866
179
3228
3914
3671
3116
3818
3093
3712
46
1586
2477
3597
1767
539
2366
2837
1565
317
67
2117
1154
355
2086
1761
2629
2562
1544
874
519
3879
1092
1051
3459
1358
1074
2927
1177
168
2639
1223
1754
1116
1173
3873
1655
3539
3062
3220
3856
3130
1690
1363
3485
128
3476
2114
2690
1373
3341
3562
1604
785
613
1063
2144
2039
3991
3673
2207
2982
1248
313
99
2421
187
1754
2313
3249
1327
2521
2731
3369
236
2216
3497
3713
683
2187
1086
376
1749
2690
1513
2714
105
9
754
448
3682
3313
3431
1283
3627
3530
3704
166
1636
2369
3415
3315
891
2147
2684
1127
715
2181
1192
1750
721
2630
2126
2470
1320
3640
1537
1778
3649
2643
2578
3684
1956
2009
967
1583
1891
1023
1749
3880
3393
1517
3195
636
16
2232
2115
731
765
3308
2834
1486
1938
960
309
3611
952
1846
1741
954
489
319
638
2445
2681
1957
381
924
3332
2482
804
2725
3999
352
3713
367
2584
1829
1451
3349
1489
285
836
3427
1245
1145
3390
2550
3343
1131
3504
184
1451
494
2629
484
2803
3362
1408
2135
2197
2213
1213
2548
2917
926
2916
1501
3107
367
1202
596
652
2390
376
2249
3887
118
799
3230
1250
655
3414
3053
1501
2396
3537
656
2110
1297
2792
307
3510
357
2856
2427
1283
1772
280
743
2139
1835
1691
3143
225
2067
1392
113
2186
2192
3695
3788
3199
3110
3193
1053
1858
3082
1709
3968
379
501
628
242
1210
3484
3021
2494
1608
3654
3589
99
1489
1280
3242
1714
3348
986
2179
1886
3530
1875
2026
2730
1337
1571
3783
3195
653
1492
3515
1384
2346
143
1978
3556
3979
1352
2402
1939
1006
1991
2038
2495
3624
1632
561
3324
2619
2741
1210
2149
968
3588
1231
2305
1159
1014
1852
2164
2859
1367
3900
1557
1863
1879
1465
2194
3231
3868
134
589
2211
2524
3436
1835
157
3997
1159
2776
3090
2721
1277
58
2661
2509
2363
172
3875
215
2688
2734
1935
2589
643
150
820
2109
2344
403
2329
2478
992
892
1003
428
3080
1512
777
591
640
3868
3665
1917
3926
2326
426
2642
2499
302
3209
1187
3388
1144
128
32
1646
1300
2493
3991
1703
822
2821
3047
1714
176
3475
1146
1688
605
1738
2328
473
1403
246
751
3729
1024
3745
2580
1678
2955
120
1419
451
600
1451
2098
1901
296
2441
3604
1118
1262
2652
3184
1439
2479
331
3127
3436
2421
1808
3909
3824
2054
1013
3905
3430
758
2838
1109
65
2958
2528
869
3910
331
3319
1811
627
1760
1416
2097
3374
420
1633
813
3251
2316
293
2688
737
2101
2949
913
507
314
819
3937
1425
3657
1046
1490
2967
3926
2711
2877
609
2030
1041
1236
142
2809
3685
3517
3229
1319
330
2832
3635
975
1520
725
3428
822
1638
3935
1136
2809
3873
2561
2818
1271
404
1785
1550
3115
1015
2159
1498
2056
3748
1640
865
3433
1157
446
752
1840
3278
740
2815
1151
1465
2244
1973
3455
2531
3461
2265
2756
2023
1083
380
2779
3221
1930
1894
236
441
3392
2644
189
1385
3861
3623
2542
307
727
734
3937
1819
3902
1088
3636
2146
3413
3092
1029
3227
1709
3786
1602
2792
166
381
2365
2448
2627
2601
2889
2020
1597
3079
3757
1458
3054
2651
1765
3781
3386
2055
1953
3288
3143
1589
1786
2909
1033
2815
2136
2742
2953
3738
1887
3119
119
252
1567
2746
3206
457
1118
803
3888
1227
2614
2942
3879
379
3075
3265
2786
1028
2553
1930
2970
691
1191
355
3506
3679
3098
2460
3417
1337
1931
3888
1941
3851
2986
1147
660
457
2303
548
1684
917
3842
1915
1648
2917
1180
435
298
85
2717
3620
776
3908
3975
635
3939
3425
3447
3708
762
1378
3596
2704
1229
2934
203
1889
3743
2858
2789
1780
3775
2631
3695
1776
1901
1228
2211
2199
1313
1280
1819
2442
1540
1794
3077
1479
1572
2524
1187
2334
254
1135
1390
1484
421
1946
3725
165
804
2515
2297
932
1498
1992
2708
3399
3572
1271
1950
886
2551
3769
3680
443
1916
3109
2274
3840
1633
3461
2174
2239
948
3917
3723
1369
1863
3801
1886
3019
2668
535
3951
166
2528
2659
3918
2100
282
1868
3338
3185
1990
3370
3628
258
2479
1902
98
112
1715
2624
2352
3015
2541
2427
737
756
2580
2623
3776
1248
3511
3727
1767
2039
2739
1685
491
3373
3553
182
2559
1543
3552
2187
1801
2032
442
2251
2496
2509
876
1200
1525
3417
3980
2614
526
2560
1589
302
3809
1100
381
1576
3139
3472
3613
3983
2846
3166
517
1405
1062
421
3944
3215
2805
738
1467
1302
3600
2343
2854
1125
2112
2834
91
2638
1747
1680
3292
1908
2781
3674
3836
2272
3498
3449
2255
2344
2615
3124
101
29
3546
46
3245
2351
1136
1064
5
736
3407
2860
2213
1871
2046
2304
510
3793
3985
3802
1701
2766
3828
1889
1390
3327
1338
3646
2023
306
3122
2125
335
3020
2523
3932
1372
3659
996
1729
748
755
941
3313
2627
2988
1618
3489
3133
1955
3643
1187
1073
3472
3076
2463
3151
415
2461
1174
1073
1936
3299
1408
956
2174
1341
2328
2186
2337
410
2934
3445
1351
2599
2072
691
569
1913
177
2524
1556
1364
3949
1028
792
2765
531
1559
1226
1706
2632
3514
1357
41
471
3884
1734
3151
2070
423
3561
1356
3868
1265
3955
2292
1956
525
205
2133
3401
1762
3849
3703
3142
994
2468
26
2553
46
1732
1186
3561
3441
1579
384
3677
3665
3535
1747
88
3097
3455
309
362
3411
2953
2670
288
3159
1156
41
1273
1005
96
767
1999
2916
793
905
3315
2877
2443
2876
2671
22
3612
2348
39
3147
448
127
2244
3903
788
2958
3666
3742
1981
306
3253
3137
348
878
142
444
1997
2494
3713
3143
3399
3028
2020
1842
2256
1043
2216
1868
3744
2255
1015
192
2734
3612
95
3875
2922
114
3969
903
420
3574
40
768
452
535
1565
2801
3029
1630
1944
2780
658
317
974
2914
1712
3542
782
1456
2149
1797
1648
883
1761
2096
1110
684
2210
1079
1587
2982
653
1628
103
1457
2515
2020
611
1896
3650
2555
676
308
3224
2002
3222
937
1544
4
2393
3693
2153
394
928
267
2842
2039
951
1404
3470
2538
386
476
518
489
2285
3033
2509
2896
1281
2511
1804
1957
2819
1028
311
2041
2317
2207
2397
711
2252
903
1457
3181
1170
651
1572
2473
2407
1394
1363
2793
1870
1882
3635
156
1267
2496
3052
2549
1008
856
858
179
1885
1522
2573
202
3729
970
1265
1982
2225
3074
1515
3747
77
3087
2220
2484
481
3584
1630
2704
1818
1265
2860
3437
113
2264
2338
1473
3121
3549
1653
1358
1071
226
1912
800
1548
3530
2782
126
2956
297
3873
3034
3736
2094
1870
570
2030
3500
3274
3848
1117
2134
3637
1231
398
1976
3056
3871
1525
709
1229
2596
1287
3494
3748
3188
3024
2883
3314
2332
3180
3187
1366
3269
1633
3589
3839
3663
3089
3113
3863
207
1599
3853
1790
2349
1829
1198
2221
3706
2260
3802
2654
3547
3296
2402
2735
2672
1285
2049
1005
818
1589
2723
87
3574
2664
3926
3238
1754
3391
3453
2313
990
3306
103
3339
1487
1301
1560
1193
3561
1715
199
3461
1011
2602
2548
36
239
950
1393
1409
2539
468
1496
2113
3133
1774
1703
887
1165
1509
3200
2507
1167
3655
1847
2655
1308
3759
200
1222
1474
400
1035
2838
3354
3583
2874
3945
533
267
1355
3424
1087
3203
1890
220
978
3945
1459
2495
1454
1011
1003
2622
666
3202
1629
2327
3313
1829
3901
788
2229
936
3978
1935
519
2852
1881
1405
3471
3236
1181
558
2791
3071
1131
121
3017
2590
2617
823
3602
3972
3797
620
3526
1426
2947
2839
3256
2848
3979
1837
136
3957
3773
656
3161
2006
2413
2632
1242
3594
3543
385
3018
674
507
2387
3616
3476
3210
3570
3448
3008
191
3326
786
3490
2517
394
2339
2497
2232
2475
2454
2357
3483
1968
363
2248
600
1957
1843
495
2342
1213
1521
2849
3600
1138
2325
2810
708
2125
2170
1251
1803
3309
742
321
3703
3433
3170
2287
2260
1624
644
1744
3592
1359
3992
545
3316
2187
1392
1659
3400
2914
860
3000
404
3538
2163
1464
1663
685
2716
3819
3994
3458
140
50
2891
3310
2337
1151
1286
2982
3247
1231
341
3592
2128
10
2131
3520
2021
1532
2434
2881
884
3190
2419
3399
655
435
85
3371
254
431
3181
746
481
2424
56
2819
3927
1694
2153
3527
3277
2846
3119
1405
2856
1250
926
877
3134
3712
111
371
2903
2882
3770
3910
3317
207
3633
3923
639
2814
669
1472
1590
1077
291
1517
3124
2796
1396
2401
1995
515
3807
851
2118
1085
2081
1604
1149
2544
1975
404
1426
1746
314
1096
1953
3947
1019
2944
3113
2041
417
703
3470
1060
2573
2594
3857
3969
996
1852
837
1155
3055
2955
2592
1488
911
3741
384
2887
146
1811
985
812
2907
3290
760
278
2235
225
2319
3004
1281
2142
64
3854
736
273
175
2084
2477
1364
3591
1885
671
2183
3373
1583
2277
3758
470
2775
1921
1807
3939
1180
1097
1051
1458
3684
1277
130
2688
2558
2272
3105
2764
3360
3378
3291
1445
2208
656
1388
93
1327
3924
3818
2910
2553
3928
3732
1328
1849
1539
1619
3381
2637
2671
1192
2321
3948
1322
1362
2858
3946
467
1622
3658
197
1265
1103
2757
1921
2844
2850
3249
2768
2669
2511
1321
2949
2244
3001
1151
3783
620
532
2772
3643
1724
1446
3591
3398
2808
2801
3696
3627
775
3355
176
2041
810
2934
3962
3654
2136
3563
2774
1157
2075
447
107
671
3800
1258
806
773
2142
3579
416
3867
1025
360
3617
185
3161
3314
164
3937
2669
692
1978
3479
3978
2292
3134
2115
2208
1908
3624
635
2708
83
1306
2508
1693
2112
3281
3836
2043
3698
55
3420
58
3672
3957
3571
2986
121
3508
1655
1166
1838
1487
1144
483
621
3611
2691
2881
3588
3678
1941
3671
984
450
1365
3448
3731
1553
1492
3781
1608
912
191
1280
870
115
619
1343
3975
2626
2509
1814
113
6
2649
1086
3969
1692
320
3557
1370
2261
3581
2706
2711
1298
2154
2795
2851
3646
2928
459
911
3472
2091
1781
3587
3062
3476
3562
1689
2338
1728
2154
2344
377
3241
2665
2421
3913
2223
143
2174
2156
2849
1238
3454
1004
33
2305
1002
3313
3116
1913
2785
1207
46
2372
622
3523
1935
2311
1861
15
817
557
745
410
3222
3166
323
1797
3310
2498
3953
2159
3736
3407
3515
121
1712
518
3786
828
2431
2572
2388
2830
1296
3010
2353
3231
1673
214
3599
2490
1123
344
2901
345
3862
3224
2143
3172
2074
2096
1684
2162
1504
1199
2635
3568
2069
2422
749
853
994
3489
3683
2290
2499
2036
1874
524
2602
1473
3366
3725
2169
2619
422
2031
1844
2565
1204
270
1014
3240
2433
2870
791
1068
2438
2861
3490
3539
66
836
3028
3749
3127
1879
2137
1353
2403
739
3178
2122
816
1347
741
1238
3378
2937
156
934
3208
1170
174
1993
40
1318
3413
2830
179
3256
2370
597
92
1750
346
3571
3630
2483
1276
2385
3574
454
507
742
1801
1249
1980
1532
186
2488
2466
3746
3658
2993
2091
50
311
1505
2881
842
761
1603
1439
1205
3353
1785
1129
3335
620
2405
1721
546
2860
2580
1288
1013
181
3620
