31
1318
938
1584
950
759
831
1818
934
1970
897
29
1551
1999
1203
162
1443
1845
252
1803
276
915
579
388
1236
653
1337
756
230
369
480
613
39
1770
197
1341
881
1381
1160
168
1351
409
197
1254
408
1753
1416
203
1598
20
6
1874
936
586
263
524
1591
1952
1632
173
673
464
787
713
235
1336
54
1468
717
1566
1636
420
1975
186
1674
735
1939
1091
938
1889
1463
945
1763
751
1883
378
1276
1474
331
908
1647
1356
1373
786
421
1960
123
476
1780
1192
394
1769
1613
722
1955
1287
1457
1894
730
396
1783
546
1693
1898
1297
1576
629
925
1402
1312
1834
1401
668
1559
540
1090
1519
663
1918
1299
207
664
1068
1820
1386
1375
1460
844
1621
542
1592
1404
1088
1637
1655
738
1565
284
1663
967
1596
1849
720
616
1408
1260
1706
1279
275
1976
931
483
641
351
655
27
1727
115
1223
1348
658
1167
1105
98
804
760
836
369
1396
852
1688
1344
701
761
1960
110
21
19
1389
649
347
672
1132
988
1024
1787
1368
751
255
943
99
1265
111
1556
1715
915
668
904
1637
416
1756
1325
1760
457
86
73
919
460
444
661
1109
791
1333
593
132
357
732
1852
1460
987
795
1912
604
906
1468
320
174
137
1224
163
553
980
1840
666
1789
1927
739
1061
739
1535
74
200
326
1407
793
810
117
1877
662
1577
1217
1810
1489
1821
1068
1310
141
1242
1799
1717
1757
704
697
1598
1370
839
1877
461
252
616
1996
326
816
675
85
1961
1837
202
1838
500
132
1055
662
1973
877
1730
1635
1370
1325
1434
1088
1082
139
137
680
1861
1328
557
323
1580
1525
671
1906
693
1698
344
654
1536
546
493
388
1030
1900
1050
1356
1129
780
991
500
457
426
1940
1540
917
429
572
778
1758
1482
1453
1690
1007
477
1597
1701
175
1941
707
63
839
1552
451
222
1453
1853
1578
582
986
921
1434
1443
1347
1726
1335
264
156
1908
1395
266
1742
848
1956
749
1325
1905
802
1853
198
1510
1916
1390
1062
720
1612
515
925
1542
1450
263
463
1236
59
163
1315
1394
779
1823
1654
174
89
1396
1375
397
146
1052
303
948
905
853
810
1174
243
1873
246
207
388
1523
1749
190
1787
565
1779
1846
728
1094
1592
1507
917
1247
34
1358
643
1409
1755
1141
813
58
442
1719
912
1252
1245
1507
1477
1843
1715
218
1366
1816
408
1505
381
539
1351
1461
1633
944
1321
902
543
1355
260
1538
1116
16
1032
1929
426
1826
0
1690
1430
1597
1198
908
1440
1265
1126
1159
1081
1886
664
1463
426
368
1276
59
1312
597
1314
207
304
1574
1745
1772
1590
777
54
17
955
54
59
386
1652
1257
1294
1444
522
772
603
1956
658
1620
1771
1084
1988
1047
1496
1300
1997
810
1859
301
736
1604
426
327
734
480
696
1689
886
755
75
890
365
1721
335
1239
493
1290
1195
1152
910
1318
588
898
366
436
550
363
1598
409
1016
335
366
1794
1014
1452
626
1710
1141
1513
817
1569
403
1534
1642
1090
1126
136
733
673
1640
1643
1992
228
894
710
1017
1444
1425
615
206
793
1302
924
588
316
376
1214
26
1869
727
1196
1790
1483
1082
1433
925
208
1569
1658
1234
1209
1654
1226
1789
548
288
806
344
1713
1774
550
506
1076
1826
1094
1393
202
661
1771
72
1740
1319
214
1575
402
1647
501
962
1216
511
548
777
165
126
919
713
414
77
1410
127
1851
1960
634
1280
1787
80
673
341
1093
796
765
834
116
980
761
870
627
1262
184
196
126
733
973
291
859
244
1357
1274
322
767
1753
173
1079
387
1453
1218
820
478
1560
1913
1627
325
1099
1743
1657
1861
965
285
1475
1501
481
1601
586
1806
245
1446
403
1602
1072
725
369
1177
1250
1448
1917
1056
1019
737
1534
579
1002
1161
1256
454
1256
914
667
573
1551
142
75
384
96
661
542
341
459
945
1943
1883
1670
664
1061
1273
464
978
329
1483
67
215
414
1421
1377
1671
1875
985
937
542
1911
488
1037
1986
872
1485
999
1414
178
1459
712
473
1694
382
1137
755
1655
1953
85
336
1437
152
552
1851
1926
281
1874
1801
1266
811
696
1529
1651
85
1515
875
1922
515
642
100
326
1354
573
20
88
62
1128
96
15
1565
432
1452
70
984
1656
1996
1265
1882
149
884
1046
1197
765
697
1282
281
1573
1204
1148
215
1656
1826
1921
229
198
9
291
1326
105
307
892
890
111
1314
1874
119
1310
1492
354
1459
728
1400
657
1493
449
291
126
374
1848
1274
941
1504
1452
862
86
1651
872
377
977
1329
1036
221
219
1500
1535
446
1619
1197
290
1973
657
1018
1725
1666
863
175
1957
990
549
1805
616
1491
1662
69
705
1748
1720
1929
477
1049
1259
1514
1623
1830
1014
1158
276
985
708
918
1311
1365
1936
1036
1383
1152
1563
1340
494
465
1498
1110
308
1512
1531
1013
1260
1603
943
1737
653
554
1603
628
736
969
138
1365
1955
846
283
1618
563
572
654
1946
1724
570
1287
218
1035
1137
1680
1343
649
1564
356
261
1167
1651
1998
172
557
1954
800
1294
923
939
659
1230
1785
1294
848
349
1866
1855
647
1590
425
286
160
1460
1423
193
1155
424
1757
1511
685
1276
1515
1036
1449
72
990
601
1718
265
1540
729
1496
1678
24
696
379
1890
551
1026
1833
1328
1665
345
1140
1088
538
295
1865
295
159
550
1924
1674
1586
1373
98
928
1974
1817
1194
1867
546
1042
1897
570
1738
276
813
642
1654
646
322
1319
991
1463
760
1882
110
625
529
269
1527
453
295
1114
1826
394
394
153
211
1588
372
757
982
269
1328
721
897
493
1715
903
1139
37
575
482
1500
1335
716
1963
312
1246
232
1839
51
528
1305
1878
1274
1700
383
1485
1640
755
594
975
1376
274
1696
273
767
1411
1176
1906
1448
1751
741
1301
1438
1457
1264
102
1055
1848
1942
1107
728
1599
1337
2
1651
1720
1839
1644
827
434
619
203
708
315
828
1476
78
356
1734
1878
460
827
1531
1898
285
1147
1
1692
996
295
799
76
246
136
431
1898
208
270
1542
1387
1056
161
1942
1765
828
770
1593
1258
1127
1327
1488
1939
507
1020
1837
792
167
190
484
1515
837
1636
1592
1084
1772
23
1334
333
645
876
1720
1702
1389
1663
1467
569
785
1412
1827
1912
1091
1315
1851
1598
687
41
742
855
583
1227
722
1773
1215
314
857
987
689
543
1672
1335
1419
1393
1037
1160
1056
856
1729
1841
620
1908
106
1711
1223
309
1310
263
702
52
1118
1286
1631
192
1411
846
859
620
186
1548
1163
1858
1235
934
1603
624
94
1011
1832
1823
1205
452
1731
1663
164
1306
1972
1826
1569
1027
1878
1039
665
1862
1232
76
1060
91
696
1598
1991
1859
1809
1227
793
1412
1851
1239
776
1684
1062
1981
136
1145
1644
652
451
1968
478
21
995
357
1412
1660
571
644
88
1983
735
784
1582
1079
995
1391
306
140
1155
509
1379
1931
193
793
264
682
1938
260
1334
390
229
1813
763
1576
522
175
1589
1445
1172
1677
1428
259
814
1362
1338
1809
1105
1644
302
613
154
33
896
699
827
1161
1733
765
1421
1420
1507
2
1585
622
1931
459
1150
1520
1904
674
1197
1684
933
11
1047
272
173
504
268
827
1117
774
860
14
1826
1687
1175
1911
805
948
1331
312
1303
916
1287
1234
1375
789
754
1631
1463
303
1668
396
315
1067
1020
840
1571
1641
1667
689
767
527
703
593
567
230
505
1372
1178
188
36
833
1457
1675
67
832
464
821
816
1927
1125
484
676
1792
1551
1696
984
1474
1689
651
163
457
1530
1218
1402
97
1448
259
1821
979
448
1858
1812
257
1533
1880
1089
350
1053
257
277
530
1093
1305
322
996
1354
1658
471
1043
309
634
1852
192
1853
1255
641
1653
1866
463
632
666
673
797
923
558
1029
365
908
82
622
1538
965
68
843
1287
1064
197
946
1535
1593
1607
170
1445
151
375
1052
793
28
919
1608
1013
1937
281
1810
861
1191
1191
1226
452
1273
200
1990
590
620
1185
1878
1685
1735
1176
1220
1328
1135
1742
1125
1287
469
178
432
850
1449
40
1863
1386
673
25
599
1864
1216
177
668
841
730
1010
1432
1350
548
1662
1035
283
1190
608
1963
677
702
1088
316
1172
1618
748
22
1419
1140
237
1158
1813
614
1757
30
1830
1935
698
1023
1017
61
807
367
609
821
1403
892
363
363
1207
1041
1065
295
1357
237
266
458
611
1685
1598
848
1195
1412
1462
953
1794
1644
1240
492
1020
257
905
179
624
1514
1001
379
758
1364
1094
1965
757
160
613
467
749
879
925
1361
916
523
561
112
287
376
1417
81
20
657
926
1392
1266
1831
1572
242
1346
925
974
104
641
68
70
1399
580
683
1866
1330
1914
791
691
1182
1666
1604
1646
1954
1980
1063
35
353
72
961
1745
1690
793
1317
1933
491
594
907
947
1236
1327
1017
635
1908
52
501
1238
318
1644
281
1501
1310
1885
1147
1264
218
563
1300
571
635
613
316
326
1758
1986
611
249
580
1518
1197
1816
1197
566
803
1105
971
1656
695
1289
1300
976
790
963
1214
290
579
1432
853
231
3
1488
845
671
166
603
1009
777
853
1590
647
402
1758
1845
968
562
1302
1939
218
1998
1581
1871
1326
723
834
540
1013
1765
324
218
1997
679
59
842
1703
225
1445
712
1355
650
302
2
1404
413
199
725
975
1502
1016
1545
1500
597
1416
826
1321
602
1719
686
368
395
905
365
1427
964
1559
1130
1541
1356
1842
896
359
497
899
1763
910
1450
488
237
952
1505
1782
804
102
1551
1983
1775
505
1702
462
1225
449
1719
1942
1876
1035
1501
1006
576
858
1201
1825
1217
1698
1076
1332
960
526
1821
1549
1479
1678
1331
283
132
1234
266
1908
92
320
722
1669
1122
793
1612
998
1828
1465
357
756
675
1558
581
244
1608
1657
1577
568
536
1750
117
15
1428
1800
650
1560
1387
1269
1820
1831
1941
894
1500
1063
1687
1112
414
1867
578
771
624
1605
681
1557
1850
289
1215
1427
1209
103
1177
1678
470
605
1830
1120
517
1569
741
338
1400
683
1584
1253
1746
1272
365
160
1139
1295
1283
1763
901
1964
1673
751
605
888
530
166
1343
1707
1844
1813
664
27
933
1533
1596
27
1871
1349
710
1456
602
808
1080
1319
969
219
615
604
335
1868
569
8
971
1526
1248
1501
1693
943
1560
1889
756
576
1916
41
109
1513
68
333
862
778
141
1816
1587
1221
1135
908
1792
1750
1512
479
1970
433
839
1293
1960
439
1146
5
1382
706
1894
138
1634
1811
180
1744
1676
600
77
890
1379
570
706
1318
1791
1841
226
1935
1944
